[22:37:14] [PC2] Agent PC2 registered
[22:37:14] [PC2] Agent PC2 registered
[22:37:20] [PC2] Package received
[22:37:20] [PC2] [Alert][task-1] RAM Usage: 80.1 - Threshold: 20.0
[22:37:21] [PC2] Agent PC2 registered
[22:37:26] [PC2] Package received
[22:37:27] [PC2] Package received
[22:37:27] [PC2] Package received
[22:37:27] [PC2] Package received
[22:37:32] [PC2] [Alert][task-1] RAM Usage: 80.2 - Threshold: 20.0
[22:37:32] [PC2] Package received
[22:37:33] [PC2] Package received
[22:37:33] [PC2] Package received
[22:37:33] [PC2] Package received
[22:37:34] [PC2] Package received
[22:37:34] [PC2] Package received
[22:37:34] [PC2] Package received
[22:37:38] [PC2] [Alert][task-1] RAM Usage: 80.2 - Threshold: 20.0
[22:37:38] [PC2] Package received
[22:37:39] [PC2] Package received
[22:37:39] [PC2] [Alert][task-1] RAM Usage: 80.2 - Threshold: 20.0
[22:37:39] [PC2] Package received
[22:37:39] [PC2] Package received
[22:37:39] [PC2] [Alert][task-1] RAM Usage: 80.2 - Threshold: 20.0
[22:37:40] [PC2] Package received
[22:37:40] [PC2] [Alert][task-1] RAM Usage: 80.2 - Threshold: 20.0
[22:37:40] [PC2] Package received
[22:37:40] [PC2] Package received
[22:37:41] [PC2] Package received
[22:37:44] [PC2] Package received
[22:37:44] [PC2] [Alert][task-1] RAM Usage: 80.2 - Threshold: 20.0
[22:37:45] [PC2] Package received
[22:37:45] [PC2] Package received
[22:37:45] [PC2] Package received
[22:37:46] [PC2] Package received
[22:37:46] [PC2] Package received
[22:37:46] [PC2] Package received
[22:37:47] [PC2] Package received
[22:37:50] [PC2] [Alert][task-1] RAM Usage: 80.2 - Threshold: 20.0
[22:37:50] [PC2] Package received
[22:37:51] [PC2] [Alert][task-1] RAM Usage: 80.2 - Threshold: 20.0
[22:37:51] [PC2] Package received
[22:37:51] [PC2] Package received
[22:37:51] [PC2] Package received
[22:37:51] [PC2] [Alert][task-1] RAM Usage: 80.2 - Threshold: 20.0
